0 420 457 857 664 349 242 212 477 408 422 688 781 856 1017 547 566 815 886 739 711 376 577 760 66 418 411 639 440 602 721 685 917 121 734 708 599 531 651 328 256 903 58 629 351 551 495 315 375 666 358 584 787 447 365 342 124 699 710 654 782 67 811 827 59 743 234 172 640 566 60 626 808 710 190 942 588 488 412 558 246 568 928 413 759 490 481 484 124 723 673 623 891 694 12 696 577 634 531 144
420 0 87 581 256 73 205 408 95 150 287 798 753 784 823 795 666 452 551 341 883 92 187 482 379 426 320 268 647 430 791 398 807 524 851 322 661 218 454 141 578 619 362 257 77 144 765 155 688 359 583 577 504 649 314 599 514 466 630 504 586 450 743 934 476 426 494 412 221 223 439 700 446 426 577 782 692 328 81 220 542 775 703 311 364 577 763 432 295 581 398 763 652 857 408 710 194 260 155 474
457 87 0 644 207 142 220 478 20 237 375 884 840 869 897 872 751 492 599 363 967 179 121 548 407 512 407 193 726 514 878 465 889 569 938 255 748 292 534 222 642 680 403 182 111 98 840 235 756 424 659 665 568 729 400 672 562 542 716 588 663 476 829 1021 510 484 563 476 198 138 465 787 486 493 628 860 778 415 169 286 608 856 774 398 387 662 835 520 333 664 468 847 721 941 447 798 123 186 214 531
857 581 644 0 617 601 749 693 636 478 435 688 474 422 280 869 620 229 143 362 819 542 647 101 855 504 453 711 745 275 630 184 379 901 726 701 569 366 223 561 843 47 804 703 643 603 880 568 890 221 742 463 76 740 500 783 880 163 360 265 163 916 411 762 912 164 754 729 546 727 905 598 229 156 914 291 634 371 519 361 802 804 151 449 347 584 893 431 766 259 189 710 98 790 844 518 662 701 431 808
664 256 207 617 0 329 427 663 187 367 497 1015 924 931 894 1042 888 412 529 265 1113 337 93 538 614 650 536 100 892 579 996 469 932 774 1068 89 873 348 581 393 835 641 609 97 313 113 1016 407 944 424 833 775 550 894 545 852 766 565 791 649 686 683 897 1144 717 456 750 668 74 156 673 912 409 492 830 879 914 513 309 322 798 1016 764 526 286 803 1015 636 540 716 480 989 709 1085 654 901 100 93 259 729
349 73 142 601 329 0 153 338 156 131 254 748 723 762 828 730 614 497 588 398 827 61 255 500 312 377 280 334 583 419 747 416 793 451 801 391 614 235 450 83 506 642 291 322 50 216 698 94 617 382 516 539 524 586 265 530 441 471 607 491 586 383 720 887 406 454 424 340 294 280 372 653 490 444 503 778 641 306 83 247 470 714 712 272 420 525 694 395 226 569 413 708 664 801 338 672 261 326 197 400
242 205 220 749 427 153 0 325 240 271 362 796 815 868 963 724 662 650 741 546 853 208 338 648 188 445 376 397 589 544 808 565 909 360 848 467 675 386 582 192 460 791 194 387 128 317 682 190 580 533 512 620 673 595 344 514 357 611 712 612 719 256 824 938 292 607 397 308 413 324 245 710 644 593 425 906 688 425 236 400 433 724 853 371 569 573 673 484 127 689 559 745 807 831 234 750 337 392 350 341
212 408 478 693 663 338 325 0 494 322 267 488 568 645 822 401 360 699 748 658 531 328 594 604 253 213 242 671 264 423 514 540 709 211 537 729 389 424 475 271 178 741 190 660 369 553 363 256 280 533 187 372 630 269 196 194 188 530 503 463 596 280 600 630 251 607 87 41 618 612 272 417 693 560 222 742 384 324 360 458 137 399 743 247 674 280 357 285 217 526 524 429 712 510 203 484 599 664 460 115
477 95 20 636 187 156 240 494 0 243 381 894 844 870 892 887 761 479 587 348 978 188 102 541 427 521 415 177 739 514 886 459 889 589 947 237 756 289 533 235 659 671 422 165 129 77 855 248 773 417 673 671 561 742 410 687 581 538 719 588 660 496 831 1030 530 475 579 493 178 128 485 795 473 487 647 857 788 419 174 281 625 869 768 406 372 673 851 527 353 664 463 858 715 952 467 804 105 169 207 549
408 150 237 478 367 131 271 322 243 0 138 655 603 636 697 678 524 406 483 340 747 70 321 377 391 284 173 405 527 288 644 295 663 487 708 446 515 123 318 84 500 522 350 394 181 270 655 94 596 267 473 428 403 528 177 497 471 342 481 360 454 458 595 789 467 343 407 339 309 371 446 554 399 322 525 646 550 179 68 149 459 649 583 164 358 438 656 283 299 438 289 624 536 719 396 560 331 396 138 414
422 287 375 435 497 254 362 267 381 138 0 519 469 510 609 565 390 434 481 414 615 199 458 341 426 154 40 542 416 187 506 273 547 469 572 580 378 178 232 176 436 482 371 531 304 407 551 174 513 265 375 289 368 415 73 407 448 276 354 251 367 483 467 651 477 339 341 299 433 509 472 417 428 294 489 546 416 67 207 213 393 528 510 30 426 306 555 145 342 328 258 492 470 587 409 422 468 532 245 379
688 798 884 688 1015 748 796 488 894 655 519 0 251 349 629 265 134 837 814 883 132 706 976 656 738 372 481 1060 262 481 74 651 438 629 53 1099 143 676 512 664 472 725 677 1049 794 925 314 654 414 679 337 251 672 252 484 366 607 568 329 442 526 751 324 142 709 718 454 521 949 1022 746 104 832 651 584 532 108 505 721 708 459 190 632 491 887 224 337 379 703 429 631 73 639 104 681 173 986 1051 758 549
781 753 840 474 924 723 815 568 844 603 469 251 0 100 378 499 262 660 612 739 379 668 907 467 816 375 444 989 438 345 178 490 188 758 272 1012 206 577 352 644 626 504 752 978 774 855 536 638 607 528 486 199 477 429 471 527 734 392 135 279 312 849 74 290 818 544 573 609 851 968 841 205 656 480 732 281 258 425 671 602 598 423 392 451 736 302 557 331 756 230 471 302 408 353 771 98 919 979 667 664
856 784 869 422 931 762 868 645 870 636 510 349 100 0 283 599 360 628 565 725 474 704 924 436 886 440 492 1004 535 357 274 475 89 842 365 1020 303 590 349 687 717 445 822 994 813 872 636 684 704 517 579 273 441 526 525 620 818 374 156 284 271 924 44 369 896 519 658 686 857 991 915 304 626 460 820 189 357 456 702 611 687 523 317 497 719 392 657 385 820 215 459 402 343 450 846 197 937 994 681 746
1017 823 897 280 894 828 963 822 892 697 609 629 378 283 0 867 616 509 407 643 757 766 915 357 1031 609 609 984 780 422 556 434 198 1032 649 979 557 606 381 770 934 271 972 976 875 869 897 772 946 478 807 486 343 772 654 849 1009 357 342 363 243 1083 304 650 1066 438 859 862 821 994 1072 569 509 407 1026 97 619 542 751 611 898 793 130 610 628 620 916 536 951 295 429 676 185 731 1005 464 930 975 685 934
547 795 872 869 1042 730 724 401 887 678 565 265 499 599 867 0 254 968 974 976 199 707 983 811 610 416 525 1063 150 614 337 781 687 454 280 1116 312 743 659 654 293 912 558 1052 766 937 61 640 189 796 214 406 833 150 503 211 437 721 535 603 718 599 567 356 548 853 328 416 987 1009 598 298 962 790 391 770 248 584 733 779 302 76 846 535 985 288 83 466 607 621 761 198 841 199 545 404 990 1055 807 404
566 666 751 620 888 614 662 360 761 524 390 134 262 360 616 254 0 741 733 772 227 573 845 571 613 240 352 929 175 381 155 553 445 519 187 970 59 555 420 531 374 661 550 918 660 795 281 520 345 575 232 157 591 166 351 270 496 481 280 358 465 632 323 275 592 623 338 396 823 889 626 63 736 557 483 520 26 384 590 589 352 185 592 362 778 89 300 257 573 367 532 103 587 198 559 164 855 920 634 433
815 452 492 229 412 497 650 699 479 406 434 837 660 628 509 968 741 0 117 147 961 449 461 193 795 559 468 511 827 360 791 188 599 888 882 490 701 284 325 489 870 240 757 506 526 426 966 500 944 173 802 589 188 824 507 836 870 271 530 396 357 864 608 934 874 119 776 726 348 543 852 736 6 186 918 519 761 392 416 257 828 915 381 460 127 682 974 501 704 430 208 841 327 931 802 679 475 503 300 806
886 551 599 143 529 588 741 748 587 483 481 814 612 565 407 974 733 117 0 264 943 535 576 163 873 582 508 628 841 361 760 208 522 947 855 607 687 359 315 568 911 136 829 622 623 539 979 577 973 219 827 577 142 837 552 865 928 253 491 376 299 939 551 897 944 143 819 780 464 659 928 719 120 191 970 431 751 427 505 341 869 915 284 501 244 686 990 516 782 388 225 828 236 914 873 648 591 620 396 860
739 341 363 362 265 398 546 658 348 340 414 883 739 725 643 976 772 147 264 0 999 363 317 297 709 560 452 364 828 405 848 250 709 826 933 343 741 237 387 412 835 381 680 358 418 287 964 426 924 211 789 632 303 827 483 819 811 350 604 461 460 780 697 995 798 211 742 678 202 399 768 780 144 265 866 640 795 393 327 202 794 932 513 443 24 701 969 517 620 513 268 875 458 969 727 741 331 356 207 754
711 883 967 819 1113 827 853 531 978 747 615 132 379 474 757 199 227 961 943 999 0 790 1066 783 768 462 576 1150 271 602 201 774 563 632 110 1193 260 782 637 744 469 857 711 1138 870 1017 259 732 382 799 353 372 801 264 570 370 612 695 461 569 658 769 453 161 721 842 478 557 1049 1105 766 225 956 775 576 660 203 612 810 816 467 146 764 586 1004 309 282 485 748 561 753 124 771 30 706 305 1075 1141 860 567
376 92 179 542 337 61 208 328 188 70 199 706 668 704 766 707 573 449 535 363 790 0 277 440 348 333 229 359 557 358 700 357 733 467 759 409 569 177 388 56 503 584 317 348 111 230 679 71 608 325 496 487 465 559 221 514 454 410 549 430 524 418 662 842 435 399 415 337 290 316 406 608 442 385 513 716 599 247 36 194 464 684 651 220 383 484 677 343 258 508 353 670 603 764 364 621 285 351 155 406
577 187 121 647 93 255 338 594 102 321 458 976 907 924 915 983 845 461 576 317 1066 277 0 558 526 605 494 84 834 567 963 482 934 690 1029 136 836 333 577 328 761 676 524 73 231 51 952 342 873 437 770 744 575 836 495 786 683 571 777 639 694 594 887 1109 630 483 679 594 117 82 583 875 456 508 749 891 871 485 255 315 726 962 788 484 341 758 949 601 454 712 490 944 733 1039 568 875 15 74 242 651
760 482 548 101 538 500 648 604 541 377 341 656 467 436 357 811 571 193 163 297 783 440 558 0 756 425 362 627 679 199 605 84 412 809 698 624 525 266 152 460 760 145 706 618 543 513 817 467 815 124 668 414 27 675 408 707 788 90 339 214 165 818 415 746 816 86 669 638 464 638 807 558 190 55 825 344 588 279 418 262 718 752 229 357 287 523 828 356 667 238 88 667 175 753 747 492 573 617 334 718
66 379 407 855 614 312 188 253 427 391 426 738 816 886 1031 610 613 795 873 709 768 348 526 756 0 445 422 584 497 612 768 678 943 186 786 654 642 514 658 307 321 901 64 574 306 503 559 296 441 655 415 617 783 504 377 402 190 701 736 668 792 70 841 879 105 732 290 217 596 509 59 671 789 704 256 961 636 493 383 538 307 627 936 421 731 533 545 506 91 741 668 676 896 751 65 735 525 579 503 205
418 426 512 504 650 377 445 213 521 284 154 372 375 440 609 416 240 559 582 560 462 333 605 425 445 0 114 689 269 229 369 378 499 423 425 731 237 329 280 293 340 551 382 678 425 555 407 284 391 386 244 176 450 267 112 282 399 341 292 255 388 485 395 509 462 450 254 254 587 650 476 275 553 392 420 528 266 168 350 364 299 374 536 124 569 153 415 75 381 314 359 339 509 435 407 305 615 680 400 325
411 320 407 453 536 280 376 242 415 173 40 481 444 492 609 525 352 468 508 452 576 229 494 362 422 114 0 578 376 191 471 299 534 448 534 618 341 217 240 199 404 500 364 567 330 444 512 194 477 296 338 258 388 375 47 370 427 290 336 247 371 475 448 615 464 368 311 276 473 543 465 381 461 318 464 541 378 82 241 253 362 488 516 10 464 267 516 114 342 321 283 453 480 548 399 392 505 569 285 356
639 268 193 711 100 334 397 671 177 405 542 1060 989 1004 984 1063 929 511 628 364 1150 359 84 627 584 689 578 0 915 648 1047 554 1011 756 1113 73 920 413 656 410 835 737 588 11 304 135 1032 423 949 508 850 828 641 918 579 864 750 646 858 720 769 649 967 1193 689 547 756 670 165 78 639 959 507 578 817 964 956 568 339 393 801 1044 855 569 386 842 1028 686 519 790 563 1028 800 1123 630 958 74 9 322 723
440 647 726 745 892 583 589 264 739 527 416 262 438 535 780 150 175 827 841 828 271 557 834 679 497 269 376 915 0 479 314 642 618 369 302 967 232 594 527 505 210 790 439 904 621 788 139 492 169 654 81 296 703 9 353 105 347 590 438 480 604 500 496 393 453 714 206 287 837 863 496 237 821 653 322 686 185 438 583 629 200 135 741 386 838 163 149 326 479 510 622 191 728 254 435 339 841 907 657 296
602 430 514 275 579 419 544 423 514 288 187 481 345 357 422 614 381 360 361 405 602 358 567 199 612 229 191 648 479 0 442 171 376 634 529 668 342 234 52 353 568 322 554 637 469 515 618 353 617 198 470 230 223 475 237 509 612 112 211 73 180 666 319 589 655 241 479 461 506 634 656 378 354 176 642 361 401 120 350 257 527 557 325 190 407 326 629 157 529 150 151 481 290 572 590 335 580 638 325 539
721 791 878 630 996 747 808 514 886 644 506 74 178 274 556 337 155 791 760 848 201 700 963 605 768 369 471 1047 314 442 0 608 363 672 97 1082 133 651 467 663 522 665 704 1036 795 912 383 654 475 639 382 221 620 304 481 416 649 520 269 394 467 787 252 148 747 672 492 550 927 1014 781 97 787 605 633 459 134 482 712 682 503 261 565 480 849 236 405 361 725 372 588 139 575 175 714 112 974 1038 737 587
685 398 465 184 469 416 565 540 459 295 273 651 490 475 434 781 553 188 208 250 774 357 482 84 678 378 299 554 642 171 608 0 465 741 698 557 514 182 141 379 703 226 630 545 459 435 781 386 768 45 622 402 108 639 343 659 721 100 356 215 217 741 447 754 742 72 610 572 395 560 730 549 182 28 762 410 573 218 334 179 661 727 308 293 246 494 790 316 588 263 20 653 255 744 672 498 497 544 252 652
917 807 889 379 932 793 909 709 889 663 547 438 188 89 198 687 445 599 522 709 563 733 934 412 943 499 534 1011 618 376 363 465 0 911 453 1021 386 602 357 723 793 394 880 1001 844 883 723 721 787 510 657 342 412 609 572 699 887 367 206 303 249 985 121 451 960 499 729 750 858 1005 976 391 597 446 894 109 443 488 727 619 761 611 253 538 700 469 743 436 872 226 452 491 289 538 906 283 948 1001 691 814
121 524 569 901 774 451 360 211 589 487 469 629 758 842 1032 454 519 888 947 826 632 467 690 809 186 423 448 756 369 634 672 741 911 0 671 824 562 605 685 414 163 949 167 745 461 661 397 400 271 729 292 569 836 378 401 264 24 739 707 675 807 151 798 762 96 804 185 173 745 684 152 582 881 763 71 950 538 530 503 635 170 486 955 452 845 456 380 496 236 737 727 560 924 619 127 666 691 750 619 97
734 851 938 726 1068 801 848 537 947 708 572 53 272 365 649 280 187 882 855 933 110 759 1029 698 786 425 534 1113 302 529 97 698 453 671 0 1152 195 728 558 718 512 762 725 1102 848 978 335 707 444 727 380 300 714 293 537 407 649 612 366 486 563 797 346 92 753 763 500 569 1001 1075 792 155 878 696 623 552 161 557 775 760 501 210 661 544 935 277 358 431 754 468 677 111 672 90 728 208 1039 1104 810 594
708 322 255 701 89 391 467 729 237 446 580 1099 1012 1020 979 1116 970 490 607 343 1193 409 136 624 654 731 618 73 967 668 1082 557 1021 824 1152 0 957 435 670 463 897 723 657 81 367 178 1087 477 1009 512 905 861 636 969 624 921 817 654 879 738 774 721 986 1229 759 541 815 730 163 152 711 997 487 580 883 966 996 599 384 410 862 1093 849 608 363 884 1085 721 587 805 569 1071 794 1166 699 988 132 76 346 787
599 661 748 569 873 614 675 389 756 515 378 143 206 303 557 312 59 701 687 741 260 569 836 525 642 237 341 920 232 342 133 514 386 562 195 957 0 533 377 531 422 609 578 909 662 785 340 522 401 539 281 112 544 223 349 321 538 436 223 311 412 666 265 273 629 582 377 427 806 885 659 39 696 515 530 461 66 362 583 565 397 241 535 351 745 109 359 236 595 313 493 141 532 230 591 108 846 911 615 471
531 218 292 366 348 235 386 424 289 123 178 676 577 590 606 743 555 284 359 237 782 177 333 266 514 329 217 413 594 234 651 182 602 605 728 435 533 0 245 208 600 407 474 403 277 281 729 218 687 147 552 430 289 593 245 582 587 250 445 306 371 582 554 800 590 221 506 448 276 402 570 572 277 210 638 568 579 171 152 35 558 703 485 207 251 476 733 298 423 379 180 658 434 753 518 554 346 403 90 526
651 454 534 223 581 450 582 475 533 318 232 512 352 349 381 659 420 325 315 387 637 388 577 152 658 280 240 656 527 52 467 141 357 685 558 670 377 245 0 389 620 270 602 646 498 526 665 391 668 176 520 265 175 523 287 560 663 62 217 74 137 714 317 613 704 205 531 512 507 648 703 412 320 138 694 328 439 164 377 262 579 600 278 238 385 371 677 208 574 135 121 518 240 607 639 357 591 646 334 590
328 141 222 561 393 83 192 271 235 84 176 664 644 687 770 654 531 489 568 412 744 56 328 460 307 293 199 410 505 353 663 379 723 414 718 463 531 208 389 0 446 605 269 398 132 284 624 15 552 352 442 457 486 508 182 459 400 419 531 422 527 374 644 803 387 428 358 280 346 361 363 569 482 406 458 714 557 235 91 231 408 634 661 192 432 441 622 313 215 500 371 625 615 718 315 590 336 401 205 350
256 578 642 843 835 506 460 178 659 500 436 472 626 717 934 293 374 870 911 835 469 503 761 760 321 340 404 835 210 568 522 703 793 163 512 897 422 600 620 446 0 890 276 824 531 723 238 431 121 701 141 452 786 220 363 106 144 679 596 593 726 306 675 603 255 772 94 166 793 771 305 437 864 721 111 845 389 484 536 634 42 323 872 411 851 325 224 414 335 644 686 402 849 457 256 530 765 828 638 119
903 619 680 47 641 642 791 741 671 522 482 725 504 445 271 912 661 240 136 381 857 584 676 145 901 551 500 737 790 322 665 226 394 949 762 723 609 407 270 605 890 0 850 730 683 634 925 612 936 260 789 505 118 784 547 829 927 211 396 310 199 962 437 794 959 196 801 776 572 757 951 637 241 199 961 297 675 418 559 399 849 846 148 496 363 628 938 477 812 297 233 749 104 828 891 553 691 728 467 856
58 362 403 804 609 291 194 190 422 350 371 677 752 822 972 558 550 757 829 680 711 317 524 706 64 382 364 588 439 554 704 630 880 167 725 657 578 474 602 269 276 850 0 578 296 496 510 257 397 610 357 553 733 446 318 348 163 647 674 609 735 112 778 818 117 687 233 155 583 517 101 607 750 655 230 900 573 438 353 500 257 572 880 364 700 470 498 444 69 680 619 616 841 692 46 671 525 583 472 157
629 257 182 703 97 322 387 660 165 394 531 1049 978 994 976 1052 918 506 622 358 1138 348 73 618 574 678 567 11 904 637 1036 545 1001 745 1102 81 909 403 646 398 824 730 578 0 293 124 1021 412 938 500 839 817 633 907 568 853 740 637 848 709 760 640 957 1182 679 540 745 659 158 72 630 948 502 570 806 955 944 558 328 383 790 1033 847 557 381 831 1017 674 509 781 554 1017 792 1111 621 947 63 5 312 712
351 77 111 643 313 50 128 369 129 181 304 794 774 813 875 766 660 526 623 418 870 111 231 543 306 425 330 304 621 469 795 459 844 461 848 367 662 277 498 132 531 683 296 293 0 200 732 140 645 423 552 588 566 625 313 563 453 518 657 541 634 377 771 934 406 493 453 366 289 243 366 700 520 487 518 827 687 357 125 285 497 753 758 323 441 570 727 445 227 619 456 753 709 845 341 722 234 297 226 420
551 144 98 603 113 216 317 553 77 270 407 925 855 872 869 937 795 426 539 287 1017 230 51 513 503 555 444 135 788 515 912 435 883 661 978 178 785 281 526 284 723 634 496 124 200 0 909 298 833 390 726 693 530 790 446 743 652 522 725 588 645 572 835 1058 605 439 639 556 102 125 562 824 421 461 717 842 821 433 206 264 686 915 742 434 311 708 906 550 427 660 442 895 688 990 541 823 65 126 191 616
495 765 840 880 1016 698 682 363 855 655 551 314 536 636 897 61 281 966 979 964 259 679 952 817 559 407 512 1032 139 618 383 781 723 397 335 1087 340 729 665 624 238 925 510 1021 732 909 0 610 129 793 182 424 840 142 485 169 381 728 560 615 735 544 602 414 492 853 284 374 964 975 544 332 960 792 333 801 280 576 707 765 253 125 868 521 975 296 23 465 562 639 761 244 859 257 493 439 959 1024 788 354
315 155 235 568 407 94 190 256 248 94 174 654 638 684 772 640 520 500 577 426 732 71 342 467 296 284 194 423 492 353 654 386 721 400 707 477 522 218 391 15 431 612 257 412 140 298 610 0 537 360 428 450 493 494 173 445 386 423 527 422 529 363 641 793 374 436 343 265 362 373 352 559 494 413 443 715 547 234 106 243 393 621 664 187 445 431 608 307 205 500 378 614 619 707 303 583 349 415 219 335
375 688 756 890 944 617 580 280 773 596 513 414 607 704 946 189 345 944 973 924 382 608 873 815 441 391 477 949 169 617 475 768 787 271 444 1009 401 687 668 552 121 936 397 938 645 833 129 537 0 772 147 460 840 178 442 108 256 730 604 629 758 420 665 530 367 839 193 279 898 887 420 405 938 782 204 853 352 552 640 722 148 238 900 486 938 325 110 460 455 668 749 341 883 376 375 508 878 942 734 240
666 359 424 221 424 382 533 533 417 267 265 679 528 517 478 796 575 173 219 211 799 325 437 124 655 386 296 508 654 198 639 45 510 729 727 512 539 147 176 352 701 260 610 500 423 390 793 360 772 0 628 428 145 651 338 663 709 143 393 250 262 720 488 786 724 76 607 562 349 515 709 576 167 71 754 455 597 219 299 139 658 745 352 289 210 511 801 329 565 304 58 677 298 769 654 531 452 499 210 643
358 583 659 742 833 516 512 187 673 473 375 337 486 579 807 214 232 802 827 789 353 496 770 668 415 244 338 850 81 470 382 622 657 292 380 905 281 552 520 442 141 789 357 839 552 726 182 428 147 628 0 321 693 89 307 42 270 583 466 482 612 418 538 472 373 694 124 207 781 795 415 295 795 636 251 716 248 409 524 588 122 214 755 347 802 188 182 313 399 524 604 268 737 336 353 389 777 842 607 215
584 577 665 463 775 539 620 372 671 428 289 251 199 273 486 406 157 589 577 632 372 487 744 414 617 176 258 828 296 230 221 402 342 569 300 861 112 430 265 457 452 505 553 817 588 693 424 450 460 428 321 0 434 289 278 363 545 325 144 201 311 652 228 369 623 470 387 413 706 799 644 148 584 403 551 395 173 261 496 461 419 341 445 267 635 134 440 144 557 215 381 252 435 342 574 133 756 819 516 473
787 504 568 76 550 524 673 630 561 403 368 672 477 441 343 833 591 188 142 303 801 465 575 27 783 450 388 641 703 223 620 108 412 836 714 636 544 289 175 486 786 118 733 633 566 530 840 493 840 145 693 434 0 698 435 732 815 112 352 233 169 845 422 759 843 94 695 665 478 655 834 576 186 80 852 337 608 306 442 284 744 773 214 384 291 545 852 380 693 249 114 686 159 771 774 507 590 632 354 745
447 649 729 740 894 586 595 269 742 528 415 252 429 526 772 150 166 824 837 827 264 559 836 675 504 267 375 918 9 475 304 639 609 378 293 969 223 593 523 508 220 784 446 907 625 790 142 494 178 651 89 289 698 0 353 114 356 586 431 474 597 508 487 384 462 711 213 293 838 866 504 227 818 649 331 678 176 436 585 629 208 129 734 385 837 157 153 323 485 503 619 182 722 247 443 330 844 910 657 304
365 314 400 500 545 265 344 196 410 177 73 484 471 525 654 503 351 507 552 483 570 221 495 408 377 112 47 579 353 237 481 343 572 401 537 624 349 245 287 182 363 547 318 568 313 446 485 173 442 338 307 278 435 353 0 336 380 338 370 291 417 429 481 621 417 411 268 229 485 538 419 387 501 364 418 583 377 128 240 281 320 472 563 51 496 263 488 140 300 363 328 449 527 543 353 410 505 570 303 309
342 599 672 783 852 530 514 194 687 497 407 366 527 620 849 211 270 836 865 819 370 514 786 707 402 282 370 864 105 509 416 659 699 264 407 921 321 582 560 459 106 829 348 853 563 743 169 445 108 663 42 363 732 114 336 0 243 622 508 524 654 399 579 498 351 730 116 205 802 806 396 333 830 674 217 758 284 444 544 617 97 226 797 379 832 230 163 352 396 566 641 296 778 356 338 429 792 857 633 197
124 514 562 880 766 441 357 188 581 471 448 607 734 818 1009 437 496 870 928 811 612 454 683 788 190 399 427 750 347 612 649 721 887 24 649 817 538 587 663 400 144 927 163 740 453 652 381 386 256 709 270 545 815 356 380 243 0 717 683 652 784 163 774 741 110 785 161 151 735 680 163 559 863 743 67 926 515 509 490 618 148 467 932 431 829 432 365 473 231 713 706 538 901 599 127 642 685 744 604 74
699 466 542 163 565 471 611 530 538 342 276 568 392 374 357 721 481 271 253 350 695 410 571 90 701 341 290 646 590 112 520 100 367 739 612 654 436 250 62 419 679 211 647 637 518 522 728 423 730 143 583 325 112 586 338 622 717 0 259 126 122 760 347 663 753 153 590 566 491 646 749 469 267 87 750 319 499 210 394 258 638 662 241 287 345 433 740 270 615 163 85 577 196 665 686 408 586 636 333 645
710 630 716 360 791 607 712 503 719 481 354 329 135 156 342 535 280 530 491 604 461 549 777 339 736 292 336 858 438 211 269 356 206 707 366 879 223 445 217 531 596 396 674 848 657 725 560 527 604 393 466 144 352 431 370 508 683 259 0 144 197 778 113 406 754 412 527 544 718 841 769 244 526 347 693 250 289 302 548 469 562 464 311 341 602 278 577 231 667 103 337 357 311 432 699 157 790 848 536 609
654 504 588 265 649 491 612 463 588 360 251 442 279 284 363 603 358 396 376 461 569 430 639 214 668 255 247 720 480 73 394 215 303 675 486 738 311 306 74 422 593 310 609 709 541 588 615 422 629 250 482 201 233 474 291 524 652 126 144 0 133 719 248 539 704 277 510 503 575 707 709 343 392 210 676 295 374 187 424 327 554 541 280 248 460 318 628 180 589 78 195 452 255 539 642 283 653 710 397 578
782 586 663 163 686 586 719 596 660 454 367 526 312 271 243 718 465 357 299 460 658 524 694 165 792 388 371 769 604 180 467 217 249 807 563 774 412 371 137 527 726 199 735 760 634 645 735 529 758 262 612 311 169 597 417 654 784 122 197 133 0 846 253 599 833 250 643 635 612 769 836 438 354 196 809 197 478 300 511 381 687 651 147 370 451 440 750 313 710 98 205 551 124 629 770 355 709 759 455 710
67 450 476 916 683 383 256 280 496 458 483 751 849 924 1083 599 632 864 939 780 769 418 594 818 70 485 475 649 500 666 787 741 985 151 797 721 666 582 714 374 306 962 112 640 377 572 544 363 420 720 418 652 845 508 429 399 163 760 778 719 846 0 879 890 54 797 297 240 666 573 11 692 857 767 221 1009 653 550 453 606 302 625 991 476 801 557 529 551 160 789 731 686 953 754 78 764 592 645 573 203
811 743 829 411 897 720 824 600 831 595 467 324 74 44 304 567 323 608 551 697 453 662 887 415 841 395 448 967 496 319 252 447 121 798 346 986 265 554 317 644 675 437 778 957 771 835 602 641 665 488 538 228 422 487 481 579 774 347 113 248 253 879 0 361 851 495 614 641 823 953 871 270 605 434 778 207 322 415 662 576 644 492 319 454 692 350 622 341 775 184 430 373 339 427 801 163 900 958 645 702
827 934 1021 762 1144 887 938 630 1030 789 651 142 290 369 650 356 275 934 897 995 161 842 1109 746 879 509 615 1193 393 589 148 754 451 762 92 1229 273 800 613 803 603 794 818 1182 934 1058 414 793 530 786 472 369 759 384 621 498 741 663 406 539 599 890 361 0 845 816 593 662 1075 1158 885 234 930 749 713 557 250 630 856 831 593 291 681 625 996 365 437 508 846 509 734 203 698 156 821 255 1120 1184 885 686
59 476 510 912 717 406 292 251 530 467 477 709 818 896 1066 548 592 874 944 798 721 435 630 816 105 462 464 689 453 655 747 742 960 96 753 759 629 590 704 387 255 959 117 679 406 605 492 374 367 724 373 623 843 462 417 351 110 753 754 704 833 54 851 845 0 801 255 210 696 614 58 653 867 766 167 990 613 543 470 617 254 576 980 466 818 521 476 531 181 772 730 642 944 707 71 730 629 684 590 160
743 426 484 164 456 454 607 607 475 343 339 718 544 519 438 853 623 119 143 211 842 399 483 86 732 450 368 547 714 241 672 72 499 804 763 541 582 221 205 428 772 196 687 540 493 439 853 436 839 76 694 470 94 711 411 730 785 153 412 277 250 797 495 816 801 0 679 637 383 563 786 617 114 67 828 430 642 288 371 207 730 798 308 361 201 566 862 388 641 314 92 722 253 812 730 560 498 538 272 718
234 494 563 754 750 424 397 87 579 407 341 454 573 658 859 328 338 776 819 742 478 415 679 669 290 254 311 756 206 479 492 610 729 185 500 815 377 506 531 358 94 801 233 745 453 639 284 343 193 607 124 387 695 213 268 116 161 590 527 510 643 297 614 593 255 679 0 89 705 695 292 399 770 628 167 774 358 392 447 540 52 338 790 318 757 271 276 330 279 565 593 389 764 460 229 481 684 749 545 95
172 412 476 729 668 340 308 41 493 339 299 521 609 686 862 416 396 726 780 678 557 337 594 638 217 254 276 670 287 461 550 572 750 173 569 730 427 448 512 280 166 776 155 659 366 556 374 265 279 562 207 413 665 293 229 205 151 566 544 503 635 240 641 662 210 637 89 0 626 607 233 454 720 593 191 783 418 358 371 480 131 421 782 280 695 318 366 325 192 567 557 460 750 538 164 523 599 663 476 80
640 221 198 546 74 294 413 618 178 309 433 949 851 857 821 987 823 348 464 202 1049 290 117 464 596 587 473 165 837 506 927 395 858 745 1001 163 806 276 507 346 793 572 583 158 289 102 964 362 898 349 781 706 478 838 485 802 735 491 718 575 612 666 823 1075 696 383 705 626 0 198 655 845 344 418 797 805 849 445 258 249 755 958 692 463 225 740 964 569 515 642 406 925 637 1021 629 831 131 156 190 692
566 223 138 727 156 280 324 612 128 371 509 1022 968 991 994 1009 889 543 659 399 1105 316 82 638 509 650 543 78 863 634 1014 560 1005 684 1075 152 885 402 648 361 771 757 517 72 243 125 975 373 887 515 795 799 655 866 538 806 680 646 841 707 769 573 953 1158 614 563 695 607 198 0 564 924 539 586 747 966 916 544 302 388 738 994 867 534 423 801 970 654 448 781 567 986 813 1079 558 931 68 77 314 656
60 439 465 905 673 372 245 272 485 446 472 746 841 915 1072 598 626 852 928 768 766 406 583 807 59 476 465 639 496 656 781 730 976 152 792 711 659 570 703 363 305 951 101 630 366 562 544 352 420 709 415 644 834 504 419 396 163 749 769 709 836 11 871 885 58 786 292 233 655 564 0 686 845 755 224 999 647 539 441 594 299 622 981 465 789 550 528 542 148 779 719 681 943 751 69 757 582 635 562 199
626 700 787 598 912 653 710 417 795 554 417 104 205 304 569 298 63 736 719 780 225 608 875 558 671 275 381 959 237 378 97 549 391 582 155 997 39 572 412 569 437 637 607 948 700 824 332 559 405 576 295 148 576 227 387 333 559 469 244 343 438 692 270 234 653 617 399 454 845 924 686 0 731 550 547 472 53 401 622 604 415 223 555 390 783 138 352 276 627 340 529 112 556 195 618 107 886 950 655 494
808 446 486 229 409 490 644 693 473 399 428 832 656 626 509 962 736 6 120 144 956 442 456 190 789 553 461 507 821 354 787 182 597 881 878 487 696 277 320 482 864 241 750 502 520 421 960 494 938 167 795 584 186 818 501 830 863 267 526 392 354 857 605 930 867 114 770 720 344 539 845 731 0 182 911 518 756 386 410 251 822 909 381 453 124 676 968 495 697 426 203 836 327 926 796 675 471 499 294 799
710 426 493 156 492 444 593 560 487 322 294 651 480 460 407 790 557 186 191 265 775 385 508 55 704 392 318 578 653 176 605 28 446 763 696 580 515 210 138 406 721 199 655 570 487 461 792 413 782 71 636 403 80 649 364 674 743 87 347 210 196 767 434 749 766 67 628 593 418 586 755 550 182 0 782 386 576 237 362 207 679 733 281 313 258 502 802 326 614 250 36 656 227 745 697 494 523 569 279 673
190 577 628 914 830 503 425 222 647 525 489 584 732 820 1026 391 483 918 970 866 576 513 749 825 256 420 464 817 322 642 633 762 894 71 623 883 530 638 694 458 111 961 230 806 518 717 333 443 204 754 251 551 852 331 418 217 67 750 693 676 809 221 778 713 167 828 167 191 797 747 224 547 911 782 0 941 499 546 549 670 133 430 957 469 883 429 315 495 298 733 746 512 929 566 195 637 751 811 661 111
942 782 860 291 879 778 906 742 857 646 546 532 281 189 97 770 520 519 431 640 660 716 891 344 961 528 541 964 686 361 459 410 109 950 552 966 461 568 328 714 845 297 900 955 827 842 801 715 853 455 716 395 337 678 583 758 926 319 250 295 197 1009 207 557 990 430 774 783 805 966 999 472 518 386 941 0 523 481 705 578 810 696 151 543 629 528 820 458 883 220 400 579 195 635 931 367 905 954 652 852
588 692 778 634 914 641 688 384 788 550 416 108 258 357 619 248 26 761 751 795 203 599 871 588 636 266 378 956 185 401 134 573 443 538 161 996 66 579 439 557 389 675 573 944 687 821 280 547 352 597 248 173 608 176 377 284 515 499 289 374 478 653 322 250 613 642 358 418 849 916 647 53 756 576 499 523 0 409 616 613 369 175 600 388 800 116 299 281 597 379 552 80 598 174 581 160 881 946 659 453
488 328 415 371 513 306 425 324 419 179 67 505 425 456 542 584 384 392 427 393 612 247 485 279 493 168 82 568 438 120 482 218 488 530 557 599 362 171 164 235 484 418 438 558 357 433 576 234 552 219 409 261 306 436 128 444 509 210 302 187 300 550 415 630 543 288 392 358 445 544 539 401 386 237 546 481 409 0 246 204 442 539 442 77 401 308 583 127 410 265 201 487 403 583 476 390 497 559 254 438
412 81 169 519 309 83 236 360 174 68 207 721 671 702 751 733 590 416 505 327 810 36 255 418 383 350 241 339 583 350 712 334 727 503 775 384 583 152 377 91 536 559 353 328 125 206 707 106 640 299 524 496 442 585 240 544 490 394 548 424 511 453 662 856 470 371 447 371 258 302 441 622 410 362 549 705 616 246 0 164 497 708 633 231 348 502 706 352 293 501 331 689 584 783 400 629 265 330 120 441
558 220 286 361 322 247 400 458 281 149 213 708 602 611 611 779 589 257 341 202 816 194 315 262 538 364 253 393 629 257 682 179 619 635 760 410 565 35 262 231 634 399 500 383 285 264 765 243 722 139 588 461 284 629 281 617 618 258 469 327 381 606 576 831 617 207 540 480 249 388 594 604 251 207 670 578 613 204 164 0 593 739 487 243 216 511 769 331 447 397 182 692 435 787 545 583 329 383 74 558
246 542 608 802 798 470 433 137 625 459 393 459 598 687 898 302 352 828 869 794 467 464 726 718 307 299 362 801 200 527 503 661 761 170 501 862 397 558 579 408 42 849 257 790 497 686 253 393 148 658 122 419 744 208 320 97 148 638 562 554 687 302 644 593 254 730 52 131 755 738 299 415 822 679 133 810 369 442 497 593 0 323 834 369 809 296 241 374 310 606 644 390 809 453 243 504 730 794 597 102
568 775 856 804 1016 714 724 399 869 649 528 190 423 523 793 76 185 915 915 932 146 684 962 752 627 374 488 1044 135 557 261 727 611 486 210 1093 241 703 600 634 323 846 572 1033 753 915 125 621 238 745 214 341 773 129 472 226 467 662 464 541 651 625 492 291 576 798 338 421 958 994 622 223 909 733 430 696 175 539 708 739 323 0 776 498 940 233 148 416 614 553 706 122 772 137 564 329 970 1035 773 424
928 703 774 151 764 712 853 743 768 583 510 632 392 317 130 846 592 381 284 513 764 651 788 229 936 536 516 855 741 325 565 308 253 955 661 849 535 485 278 661 872 148 880 847 758 742 868 664 900 352 755 445 214 734 563 797 932 241 311 280 147 991 319 681 980 308 790 782 692 867 981 555 381 281 957 151 600 442 633 487 834 776 0 515 498 577 884 461 852 231 305 667 55 736 916 459 802 846 560 858
413 311 398 449 526 272 371 247 406 164 30 491 451 497 610 535 362 460 501 443 586 220 484 357 421 124 10 569 386 190 480 293 538 452 544 608 351 207 238 192 411 496 364 557 323 434 521 187 486 289 347 267 384 385 51 379 431 287 341 248 370 476 454 625 466 361 318 280 463 534 465 390 453 313 469 543 388 77 231 243 369 498 515 0 454 277 526 122 341 323 277 463 478 558 400 400 495 559 275 361
759 364 387 347 286 420 569 674 372 358 426 887 736 719 628 985 778 127 244 24 1004 383 341 287 731 569 464 386 838 407 849 246 700 845 935 363 745 251 385 432 851 363 700 381 441 311 975 445 938 210 802 635 291 837 496 832 829 345 602 460 451 801 692 996 818 201 757 695 225 423 789 783 124 258 883 629 800 401 348 216 809 940 498 454 0 708 981 524 641 509 265 881 444 974 747 741 355 378 228 772
490 577 662 584 803 525 573 280 673 438 306 224 302 392 620 288 89 682 686 701 309 484 758 523 533 153 267 842 163 326 236 494 469 456 277 884 109 476 371 441 325 628 470 831 570 708 296 431 325 511 188 134 545 157 263 230 432 433 278 318 440 557 350 365 521 566 271 318 740 801 550 138 676 502 429 528 116 308 502 511 296 233 577 277 708 0 310 183 488 346 474 186 565 281 482 209 768 833 551 364
481 763 835 893 1015 694 673 357 851 656 555 337 557 657 916 83 300 974 990 969 282 677 949 828 545 415 516 1028 149 629 405 790 743 380 358 1085 359 733 677 622 224 938 498 1017 727 906 23 608 110 801 182 440 852 153 488 163 365 740 577 628 750 529 622 437 476 862 276 366 964 970 528 352 968 802 315 820 299 583 706 769 241 148 884 526 981 310 0 475 552 655 771 266 874 280 480 460 955 1020 790 341
484 432 520 431 636 395 484 285 527 283 145 379 331 385 536 466 257 501 516 517 485 343 601 356 506 75 114 686 326 157 361 316 436 496 431 721 236 298 208 313 414 477 444 674 445 550 465 307 460 329 313 144 380 323 140 352 473 270 231 180 313 551 341 508 531 388 330 325 569 654 542 276 495 326 495 458 281 127 352 331 374 416 461 122 524 183 475 0 435 241 296 360 434 455 473 278 613 676 379 399
124 295 333 766 540 226 127 217 353 299 342 703 756 820 951 607 573 704 782 620 748 258 454 667 91 381 342 519 479 529 725 588 872 236 754 587 595 423 574 215 335 812 69 509 227 427 562 205 455 565 399 557 693 485 300 396 231 615 667 589 710 160 775 846 181 641 279 192 515 448 148 627 697 614 298 883 597 410 293 447 310 614 852 341 641 488 552 435 0 663 579 647 811 728 114 681 455 513 413 215
723 581 664 259 716 569 689 526 664 438 328 429 230 215 295 621 367 430 388 513 561 508 712 238 741 314 321 790 510 150 372 263 226 737 468 805 313 379 135 500 644 297 680 781 619 660 639 500 668 304 524 215 249 503 363 566 713 163 103 78 98 789 184 509 772 314 565 567 642 781 779 340 426 250 733 220 379 265 501 397 606 553 231 323 509 346 655 241 663 0 246 452 220 531 712 260 725 781 469 639
673 398 468 189 480 413 559 524 463 289 258 631 471 459 429 761 532 208 225 268 753 353 490 88 668 359 283 563 622 151 588 20 452 727 677 569 493 180 121 371 686 233 619 554 456 442 761 378 749 58 604 381 114 619 328 641 706 85 337 195 205 731 430 734 730 92 593 557 406 567 719 529 203 36 746 400 552 201 331 182 644 706 305 277 265 474 771 296 579 246 0 633 253 723 661 478 505 553 256 637
623 763 847 710 989 708 745 429 858 624 492 73 302 402 676 198 103 841 828 875 124 670 944 667 676 339 453 1028 191 481 139 653 491 560 111 1071 141 658 518 625 402 749 616 1017 753 895 244 614 341 677 268 252 686 182 449 296 538 577 357 452 551 686 373 203 642 722 389 460 925 986 681 112 836 656 512 579 80 487 689 692 390 122 667 463 881 186 266 360 647 452 633 0 669 95 617 212 954 1019 736 482
891 652 721 98 709 664 807 712 715 536 470 639 408 343 185 841 587 327 236 458 771 603 733 175 896 509 480 800 728 290 575 255 289 924 672 794 532 434 240 615 849 104 841 792 709 688 859 619 883 298 737 435 159 722 527 778 901 196 311 255 124 953 339 698 944 253 764 750 637 813 943 556 327 227 929 195 598 403 584 435 809 772 55 478 444 565 874 434 811 220 253 669 0 742 879 466 748 791 507 828
694 857 941 790 1085 801 831 510 952 719 587 104 353 450 731 199 198 931 914 969 30 764 1039 753 751 435 548 1123 254 572 175 744 538 619 90 1166 230 753 607 718 457 828 692 1111 845 990 257 707 376 769 336 342 771 247 543 356 599 665 432 539 629 754 427 156 707 812 460 538 1021 1079 751 195 926 745 566 635 174 583 783 787 453 137 736 558 974 281 280 455 728 531 723 95 742 0 690 277 1048 1114 832 551
12 408 447 844 654 338 234 203 467 396 409 681 771 846 1005 545 559 802 873 727 706 364 568 747 65 407 399 630 435 590 714 672 906 127 728 699 591 518 639 315 256 891 46 621 341 541 493 303 375 654 353 574 774 443 353 338 127 686 699 642 770 78 801 821 71 730 229 164 629 558 69 618 796 697 195 931 581 476 400 545 243 564 916 400 747 482 480 473 114 712 661 617 879 690 0 687 568 625 519 141
696 710 798 518 901 672 750 484 804 560 422 173 98 197 464 404 164 679 648 741 305 621 875 492 735 305 392 958 339 335 112 498 283 666 208 988 108 554 357 590 530 553 671 947 722 823 439 583 508 531 389 133 507 330 410 429 642 408 157 283 355 764 163 255 730 560 481 523 831 931 757 107 675 494 637 367 160 390 629 583 504 329 459 400 741 209 460 278 681 260 478 212 466 277 687 0 886 949 642 574
577 194 123 662 100 261 337 599 105 331 468 986 919 937 930 990 855 475 591 331 1075 285 15 573 525 615 505 74 841 580 974 497 948 691 1039 132 846 346 591 336 765 691 525 63 234 65 959 349 878 452 777 756 590 844 505 792 685 586 790 653 709 592 900 1120 629 498 684 599 131 68 582 886 471 523 751 905 881 497 265 329 730 970 802 495 355 768 955 613 455 725 505 954 748 1048 568 886 0 65 256 654
634 260 186 701 93 326 392 664 169 396 532 1051 979 994 975 1055 920 503 620 356 1141 351 74 617 579 680 569 9 907 638 1038 544 1001 750 1104 76 911 403 646 401 828 728 583 5 297 126 1024 415 942 499 842 819 632 910 570 857 744 636 848 710 759 645 958 1184 684 538 749 663 156 77 635 950 499 569 811 954 946 559 330 383 794 1035 846 559 378 833 1020 676 513 781 553 1019 791 1114 625 949 65 0 313 716
531 155 214 431 259 197 350 460 207 138 245 758 667 681 685 807 634 300 396 207 860 155 242 334 503 400 285 322 657 325 737 252 691 619 810 346 615 90 334 205 638 467 472 312 226 191 788 219 734 210 607 516 354 657 303 633 604 333 536 397 455 573 645 885 590 272 545 476 190 314 562 655 294 279 661 652 659 254 120 74 597 773 560 275 228 551 790 379 413 469 256 736 507 832 519 642 256 313 0 550
144 474 531 808 729 400 341 115 549 414 379 549 664 746 934 404 433 806 860 754 567 406 651 718 205 325 356 723 296 539 587 652 814 97 594 787 471 526 590 350 119 856 157 712 420 616 354 335 240 643 215 473 745 304 309 197 74 645 609 578 710 203 702 686 160 718 95 80 692 656 199 494 799 673 111 852 453 438 441 558 102 424 858 361 772 364 341 399 215 639 637 482 828 551 141 574 654 716 550 0
