0 42 38 35 74 41 46 68 89 52 82 84 66 58 67 22 94 98 51 11
42 0 15 51 33 60 38 25 57 67 41 53 33 67 34 60 70 73 56 46
38 15 0 37 47 66 23 34 72 75 45 68 49 76 30 59 86 89 66 37
35 51 37 0 84 76 24 71 108 87 79 104 84 92 58 54 119 122 85 24
74 33 47 84 0 79 67 18 31 82 31 29 18 77 44 89 52 54 67 79
41 60 66 76 79 0 83 82 79 11 100 74 63 19 94 29 73 76 18 52
46 38 23 24 67 83 0 51 95 93 56 91 71 96 34 68 109 112 87 39
68 25 34 71 18 82 51 0 49 88 17 47 32 85 26 86 69 72 75 71
89 57 72 108 31 79 95 49 0 78 61 5 24 70 75 98 23 24 62 97
52 67 75 87 82 11 93 88 78 0 106 73 65 9 102 39 69 72 15 63
82 41 45 79 31 100 56 17 61 106 0 60 48 103 23 102 83 85 92 83
84 53 68 104 29 74 91 47 5 73 60 0 19 66 73 93 23 25 57 93
66 33 49 84 18 63 71 32 24 65 48 19 0 60 56 78 38 41 50 74
58 67 76 92 77 19 96 85 70 9 103 66 60 0 101 48 60 63 10 69
67 34 30 58 44 94 34 26 75 102 23 73 56 101 0 89 94 97 91 66
22 60 59 54 89 29 68 86 98 39 102 93 78 48 89 0 97 101 46 30
94 70 86 119 52 73 109 69 23 69 83 23 38 60 94 97 0 3 54 104
98 73 89 122 54 76 112 72 24 72 85 25 41 63 97 101 3 0 58 107
51 56 66 85 67 18 87 75 62 15 92 57 50 10 91 46 54 58 0 63
11 46 37 24 79 52 39 71 97 63 83 93 74 69 66 30 104 107 63 0
